serial_ctrl_py:
    ros__parameters:
        joint1_offset: 182.5488
        joint2_offset: -4.21875
        joint3_offset: -3.6914
        joint4_offset: 1.66992
        joint5_offset: 185.888